1.0245
    0.4947
   10.3184
    0.4530
    2.2915
   11.6374
    6.3917
    3.0176
    0.2171
    0.1787
    9.2381
    0.1492
    0.2189
    3.6142
    1.1140
    9.7636
    4.3166
    0.4401
    1.1647
    0.2068
    2.1099
   16.6614
    0.8177
    0.3414
    1.9376
    1.3871
    1.4844
    4.6796
    2.1120
    8.8250
    1.7404
   17.2363
    6.4201
   15.3770
   11.6584
    0.9712
    1.8205
    5.7427
    0.2553
   16.8418
    4.1192
    4.8175
    1.3360
    1.1458
    8.3866
    3.5692
    4.0418
    2.1824
    1.7169
    1.4073
    6.4363
    1.9305
    2.1149
    9.0819
   10.6433
    3.4821
    0.2054
    5.3884
    2.6784
    7.4847
    1.4300
    6.8306
    3.4065
    1.7900
    0.5776
    0.2078
    3.0146
    9.8799
    9.5092
    6.7835
    0.8675
    6.8466
    1.0272
    7.0627
    0.3668
    5.2493
    8.1330
    6.9098
    2.4222
    3.7402
    5.2255
    0.9267
    2.6785
    2.9917
    0.4322
    6.2616
    1.3906
    1.4136
    4.8321
    2.8297
   12.8947
   14.5985
    3.1669
    1.2476
    0.3413
   10.2047
    2.8209
    3.7816
   22.1552
    5.4365
    9.0952
    1.1516
    5.8364
    3.1882
    8.9894
    2.5376
    6.6786
    2.1226
    1.8610
    1.4507
    3.9865
   12.3953
    7.3707
    0.4532
    9.4070
    0.9569
    3.0963
    0.0194
   12.7440
    4.0746
   11.1909
    0.1942
   26.8714
    1.2750
    1.0087
    0.7038
   12.3588
    4.5842
    6.7379
    1.1153
    4.2034
    0.4680
    8.5229
    6.6628
    9.6366
    9.9730
    0.7004
    2.7262
    2.9905
    9.6567
    0.7948
    2.3736
    5.2355
    3.3350
    4.5589
   12.8873
    7.1373
   10.4649
    8.4666
    7.1366
    4.3701
   15.0133
    0.5117
    0.2840
    3.5579
    3.5744
    5.4277
    0.5265
    4.9815
   10.9820
    1.2407
    4.7114
    7.1005
    4.5328
   11.6934
   10.1258
    0.2985
    0.2243
    2.7651
   14.0855
    7.2455
    5.2042
    0.9850
   20.8658
   15.7300
    8.8896
    2.1607
    1.5618
    2.1713
    3.9823
    3.0165
    6.0816
    1.4739
    8.3312
    1.8787
    8.4774
    4.9918
    2.3451
    1.2408
   12.5588
    0.3662
    1.2699
    3.5996
    4.1522
    4.0284
    5.9151
    3.3814
    3.3592
    1.0067
    1.1481
    2.1978
    4.8563
    1.0439
    3.1478
    5.2387
    0.3147
    0.6623
    2.9878
    2.3703
    2.6633
    7.8573
    5.9991
    3.7653
    7.3378
    0.8462
    8.1798
    7.4378
    8.8390
    7.3994
    4.1540
    5.8382
    0.3986
    4.2174
    8.4420
    0.4998
    0.1023
    4.1178
   10.9858
    6.7727
    4.4736
    2.5968
    6.6930
    2.5305
    1.7039
    7.5311
   10.7101
    6.0756
    5.7163
    4.2881
    3.3878
   12.2953
    6.6879
    1.1094
   17.6645
    0.3690
    1.5713
    3.5810
    2.7364
    7.1925
    3.8952
    0.1880
    3.0183
    3.2587
    7.3138
    3.5780
    2.3575
    1.9347
    4.6378
    5.0060
    0.0605
   16.3853
    0.6099
    0.4535
    1.1396
   11.5777
    6.6995
    5.4628
    1.9303
    9.9552
    1.6340
   11.1858
    2.1251
    3.5243
    1.2484
    1.6771
    0.5062
    0.5775
    5.4806
    1.7923
    8.1022
   17.4434
    1.4781
    3.4655
    3.6707
    0.5006
    2.4726
    2.4090
    0.7574
    1.0815
    2.7520
    8.4935
    7.1370
    0.6023
   17.7588
    3.5678
    8.9211
    0.1077
    1.6935
    3.4610
    3.7635

